<?xml version="1.0"?>
<opencv_storage>
<colorCameraMatrix type_id="opencv-matrix">
  <rows>3</rows>
  <cols>3</cols>
  <dt>d</dt>
  <data>
    8.5620277625810888e+02 0. 6.5983667767107465e+02 0.
    8.5620277625810888e+02 5.5189795610697502e+02 0. 0. 1.</data></colorCameraMatrix>
<colorDistortion type_id="opencv-matrix">
  <rows>1</rows>
  <cols>5</cols>
  <dt>d</dt>
  <data>
    -2.4426065468931066e-01 1.0545824033425311e-01 0. 0. 0.</data></colorDistortion>
<depthCameraMatrix type_id="opencv-matrix">
  <rows>3</rows>
  <cols>3</cols>
  <dt>d</dt>
  <data>
    5.0970797729492188e+02 0. 3.1220056152343750e+02 0.
    5.0970797729492188e+02 2.3714326477050781e+02 0. 0. 1.</data></depthCameraMatrix>
<depthCameraDistortion type_id="opencv-matrix">
  <rows>1</rows>
  <cols>5</cols>
  <dt>d</dt>
  <data>
    0. 0. 0. 0. 0.</data></depthCameraDistortion>
<rotation type_id="opencv-matrix">
  <rows>3</rows>
  <cols>3</cols>
  <dt>d</dt>
  <data>
    9.9999249756215791e-01 3.4585462176820055e-03
    -1.7444991996751283e-03 -3.4360379620032460e-03
    9.9991288215553353e-01 1.2744478904128330e-02 1.7884245919753637e-03
    -1.2738389123992758e-02 9.9991726406738501e-01</data></rotation>
<translation type_id="opencv-matrix">
  <rows>3</rows>
  <cols>1</cols>
  <dt>d</dt>
  <data>
    -4.2364770225619992e+01 6.6780821088848141e-01
    1.1458879283927184e+00</data></translation>
<colorCameraSerialNumber>"24459894"</colorCameraSerialNumber>
<depthCameraSerialNumber>"24324250"</depthCameraSerialNumber>
</opencv_storage>
